0 0.373412
1 0.373412
2 0.384423
3 0.412018
4 0.468258
5 0.530842
6 0.620783
7 0.688955
8 -1.0009
9 -0.898156
10 -0.799166
11 -0.685076
12 -0.23511
13 -0.155065
14 -0.0844826
15 -2.21878
16 -2.05212
17 -1.90759
18 -1.75293
19 -1.50953
20 -1.2677
21 -1.06927
22 -0.869548
23 -0.676242
24 -0.472057
25 -2.33271
26 -2.08617
27 -1.8266
28 -1.57952
29 -1.34118
30 -1.11143
31 -0.919408
32 -0.739055
33 -2.95201
34 -2.58872
35 -2.28374
36 -1.98258
37 -1.64576
38 -1.3872
39 -1.06732
40 -0.771659
41 -2.93664
42 -2.58267
43 -2.29662
44 -1.98383
45 -1.68186
46 -1.39072
47 -1.1475
48 -0.888358
49 -0.654811
50 -2.84717
51 -2.43932
52 -2.1421
53 -1.89118
54 -1.61088
55 -1.37138
56 -1.07538
57 -3.84477
58 -3.43854
59 -2.93471
60 -2.49423
61 -2.06216
62 -1.64607
63 -1.25693
64 -4.11484
65 -3.2803
66 -2.88354
67 -2.40469
68 -1.85766
69 -1.48593
70 -1.14226
71 -0.798581
72 -0.567968
73 -3.77051
74 -3.29651
75 -2.86298
76 -2.402
77 -2.00964
78 -4.23216
79 -3.71465
80 -3.07572
81 -2.59776
82 -2.07854
83 -1.59874
84 -5.12238
85 -4.36329
86 -3.50131
87 -2.792
88 -2.21523
89 -1.75746
90 -1.29536
91 -0.859898
92 -0.550312
93 -4.68641
94 -4.04731
95 -3.22616
96 -6.11477
97 -5.17479
98 -4.29614
99 -3.47281
100 -2.71163
101 -2.10853
102 -5.34821
103 -4.28066
104 -3.12295
105 -6.94912
106 -5.37732
107 -4.42268
108 -3.46003
109 -2.44241
110 -6.56561
111 -5.1501
112 -4.07555
113 -3.24644
114 -6.35114
115 -5.21167
116 -4.19243
117 -3.28428
118 -5.99803
119 -4.8926
120 -3.81202
121 -2.97924
122 -2.26033
123 -1.72447
124 -4.91728
125 -4.07881
126 -3.18932
127 -2.57642
128 -5.3128
129 -4.51343
130 -3.78655
131 -3.03635
132 -4.81955
133 -3.9949
134 -3.32655
135 -2.71048
136 -2.14699
137 -1.64166
138 -1.20065
139 -3.67472
140 -3.16613
141 -2.77406
142 -2.3652
143 -1.98715
144 -3.85867
145 -3.41561
146 -2.99088
147 -2.57116
148 -2.15472
149 -1.79751
150 -1.40674
151 -1.04602
152 -2.98674
153 -2.61386
154 -2.28255
155 -1.97402
156 -1.71614
157 -1.433
158 -1.16461
159 -0.915626
160 -0.663871
161 -0.469672
162 -0.325091
163 -0.190471
164 -0.0885321
165 -1.66167
166 -1.55033
167 -1.4379
168 -1.33814
169 -1.21462
170 -1.07751
171 -0.927374
172 -1.51411
173 -1.31052
174 -1.10781
175 -0.932817
176 -0.740553
177 -0.583311
178 -0.420788
179 -0.280907
180 -0.16619
181 -0.0875411
182 -0.0218624
183 0.0159481
184 -1.00901
185 -0.920945
186 -0.85199
187 -0.773619
188 -0.702485
189 -0.616455
190 -0.537638
191 -0.44538
192 -1.91812
193 -1.73104
194 -1.56734
195 -1.39876
196 -1.20085
197 -0.975135
198 -0.752925
199 -2.18035
200 -1.93693
201 -1.67522
202 -1.4554
203 -1.21459
204 -0.986063
205 -0.770832
206 -0.574014
207 -0.419391
208 -4.22305
209 -3.7125
210 -3.28477
211 -2.80659
212 -2.39751
213 -1.9461
214 -1.57252
215 -5.37142
216 -4.56984
217 -3.60706
218 -2.73262
219 -2.04363
220 -1.51835
221 -5.85838
222 -4.56271
223 -3.41606
224 -7.54754
225 -5.49423
226 -3.60644
227 -2.27064
228 -6.0562
229 -4.18648
230 -6.98737
231 -4.94417
232 -3.41954
233 -7.76005
234 -5.89491
235 -4.29908
236 -6.25226
237 -4.89341
238 -3.93843
239 -3.24381
240 -4.11379
241 -3.55152
242 -2.99454
243 -2.56067
244 -2.11205
245 -2.33565
246 -2.00668
247 -1.66586
248 -1.35692
249 -0.892909
250 -0.686448
251 -0.531015
252 -0.398627
253 -0.275061
254 -0.181092
255 -0.113958
256 -0.0740426
257 -0.0485429
258 -0.0343847
259 -0.028518
260 -0.0296201
261 -0.0350588
262 -0.0412952
263 2.69626
264 2.43743
265 2.1382
266 1.83087
267 1.51975
268 1.21363
269 0.922889
270 0.65751
271 0.452707
272 0.255309
273 0.0998391
274 4.02509
275 2.78097
276 1.9738
277 4.30298
278 2.49621
279 4.0356
280 2.17128
281 4.90932
282 2.47526
283 4.64202
284 2.99513
285 2.13993
286 3.92345
287 3.13009
288 2.55064
289 2.16292
290 2.97428
291 2.54962
292 2.26082
293 2.11397
294 1.87869
295 1.6182
296 1.3946
297 0.577923
298 0.404297
299 0.247849
300 0.100793
301 0.0120273
302 -0.0677673
303 -0.108244
304 -1.72369
305 -1.55969
306 -1.4008
307 -1.20388
308 -1.0232
309 -0.815312
310 -3.2787
311 -2.85739
312 -2.45005
313 -2.00267
314 -1.57322
315 -1.25881
316 -0.89173
317 -0.641839
318 -0.40001
319 -0.228913
320 -0.0794025
321 -3.40834
322 -2.76546
323 -2.17242
324 -1.6387
325 -3.42693
326 -2.50276
327 -1.68501
328 -3.86922
329 -2.48524
330 -1.36503
331 -3.93494
332 -5.62571
333 -3.46835
334 -2.02295
335 -3.52301
336 -2.31317
337 -1.45834
338 -3.31188
339 -2.54832
340 -4.57562
341 -3.71866
342 -3.16286
343 -2.6097
344 -2.12448
345 -4.64928
346 -3.85813
347 -3.1269
348 -2.46007
349 -1.93605
350 -3.55113
351 -2.76948
352 -4.23898
353 -3.33857
354 -2.55497
355 -1.88763
356 -1.39824
357 -3.16844
358 -2.48195
359 -1.90479
360 -3.32518
361 -2.67283
362 -2.17667
363 -1.68694
364 -1.27414
365 -2.85598
366 -2.19376
367 -1.73915
368 -3.3215
369 -2.78159
370 -2.22297
371 -1.72667
372 -1.29472
373 -3.02997
374 -2.52254
375 -2.00802
376 -1.45725
