0 0.373412
1 0.373412
2 0.389188
3 0.430054
4 0.495497
5 0.573685
6 0.663942
7 -1.05196
8 -0.899843
9 -0.0933392
10 0.00769635
11 0.0919776
12 0.156612
13 0.197008
14 -1.90912
15 -1.77887
16 -1.63921
17 -1.51094
18 -1.37564
19 -1.25122
20 -1.10387
21 -0.97266
22 -0.842006
23 -0.661519
24 -2.52236
25 -2.27447
26 -2.03402
27 -1.82497
28 -1.49917
29 -1.26747
30 -1.04566
31 -0.839213
32 -2.95015
33 -2.6662
34 -2.35617
35 -2.05588
36 -1.76562
37 -1.48875
38 -1.22945
39 -1.01909
40 -3.27473
41 -2.96821
42 -2.63446
43 -2.31101
44 -2.03581
45 -1.65819
46 -1.37308
47 -1.13944
48 -0.893621
49 -0.698701
50 -2.95881
51 -2.58164
52 -2.19774
53 -1.90843
54 -1.59956
55 -1.34031
56 -1.03975
57 -3.72726
58 -3.2991
59 -2.84121
60 -2.4507
61 -2.07693
62 -1.72338
63 -1.39416
64 -4.27364
65 -3.49349
66 -3.05465
67 -2.68903
68 -2.29138
69 -1.82679
70 -1.48414
71 -1.1711
72 -0.890731
73 -4.07706
74 -3.45998
75 -3.06089
76 -2.63074
77 -2.27576
78 -1.89534
79 -4.06752
80 -3.51283
81 -2.99197
82 -2.50432
83 -1.94574
84 -5.59008
85 -4.94406
86 -4.33365
87 -3.75607
88 -3.06341
89 -2.36489
90 -1.80577
91 -1.36852
92 -0.989464
93 -5.59201
94 -4.66652
95 -3.82507
96 -3.14307
97 -5.97241
98 -4.79683
99 -3.94693
100 -2.99548
101 -2.32381
102 -6.07355
103 -4.8632
104 -3.7883
105 -2.94531
106 -6.49988
107 -5.30032
108 -4.23606
109 -3.19511
110 -2.40477
111 -1.81288
112 -5.53476
113 -4.51065
114 -3.51179
115 -2.65828
116 -5.66454
117 -4.36848
118 -3.46258
119 -6.32284
120 -5.09257
121 -4.13607
122 -3.29539
123 -2.4782
124 -1.86184
125 -5.1694
126 -4.31633
127 -3.47729
128 -2.74812
129 -2.18296
130 -4.77532
131 -4.03261
132 -3.36367
133 -5.45831
134 -4.72074
135 -4.04637
136 -3.42418
137 -2.91924
138 -2.26216
139 -1.79313
140 -1.3767
141 -3.80942
142 -3.31014
143 -2.86144
144 -2.40204
145 -2.07292
146 -3.83335
147 -3.45866
148 -3.00464
149 -2.66615
150 -2.29327
151 -1.89342
152 -1.51871
153 -1.2482
154 -3.25583
155 -2.9006
156 -2.57214
157 -2.22215
158 -1.92436
159 -1.67383
160 -1.43393
161 -1.14463
162 -0.908606
163 -0.695223
164 -0.506772
165 -0.344512
166 -0.19423
167 -1.71431
168 -1.57547
169 -1.43628
170 -1.32183
171 -1.21013
172 -1.08316
173 -0.956104
174 -0.845266
175 -1.43265
176 -1.28994
177 -1.13119
178 -0.976698
179 -0.827945
180 -0.704004
181 -0.539879
182 -0.43561
183 -0.328614
184 -0.246448
185 -0.16599
186 -1.16662
187 -1.0366
188 -0.917213
189 -0.804988
190 -0.698812
191 -0.610328
192 -0.514763
193 -0.436393
194 -1.05368
195 -0.945238
196 -0.828174
197 -0.730637
198 -0.611738
199 -3.30205
200 -3.00735
201 -2.75157
202 -2.45699
203 -2.16054
204 -1.90201
205 -1.61242
206 -1.33438
207 -1.10187
208 -0.856081
209 -0.632414
210 -0.434963
211 -4.05572
212 -3.53899
213 -3.05169
214 -2.59169
215 -2.16039
216 -1.80894
217 -1.44053
218 -5.11251
219 -3.96918
220 -3.19969
221 -2.49691
222 -1.72467
223 -1.13575
224 -5.33692
225 -3.79089
226 -8.01897
227 -6.04363
228 -4.12172
229 -2.71539
230 -7.34333
231 -4.70949
232 -7.73483
233 -5.22756
234 -3.34317
235 -7.22761
236 -5.14612
237 -3.28493
238 -5.40264
239 -3.99529
240 -3.03158
241 -2.42992
242 -3.3859
243 -2.85484
244 -2.46383
245 -2.07845
246 -2.36494
247 -2.06164
248 -1.79038
249 -1.54228
250 -1.28577
251 -0.900362
252 -0.765502
253 -0.626034
254 -0.501292
255 -0.390936
256 -0.296186
257 -0.208284
258 -0.15242
259 -0.100446
260 -0.051137
261 -0.0257986
262 -0.00681355
263 0.00971003
264 0.017504
265 2.52375
266 2.20496
267 1.8821
268 1.5262
269 1.18444
270 0.928815
271 0.723047
272 0.463918
273 0.309118
274 4.60144
275 3.19593
276 2.12589
277 4.3618
278 2.52849
279 4.12368
280 1.31771
281 3.30992
282 1.27295
283 3.79963
284 1.75015
285 3.24303
286 1.91059
287 0.949519
288 0.193176
289 0.880075
290 0.310234
291 -0.0379275
292 -0.243523
293 -0.226376
294 -0.270924
295 -0.268647
296 -0.234581
297 -0.756425
298 -0.637584
299 -0.516493
300 -0.382373
301 -0.24402
302 -0.149135
303 -0.0566489
304 -1.67312
305 -1.46558
306 -1.27351
307 -1.11578
308 -0.946845
309 -0.808962
310 -0.663241
311 -3.23615
312 -2.92888
313 -2.5871
314 -2.21008
315 -1.84413
316 -1.57084
317 -1.27591
318 -1.00409
319 -0.759189
320 -0.54392
321 -0.380942
322 -3.92297
323 -3.22513
324 -2.56914
325 -1.89909
326 -3.99293
327 -3.0004
328 -2.10987
329 -5.05536
330 -3.33256
331 -2.03658
332 -1.00004
333 -3.38805
334 -5.2863
335 -3.353
336 -1.8174
337 -3.58385
338 -2.2827
339 -1.34838
340 -3.56043
341 -2.66074
342 -1.93674
343 -3.90994
344 -3.19539
345 -2.49677
346 -1.84085
347 -4.5349
348 -3.72242
349 -2.92004
350 -2.29898
351 -1.8231
352 -3.59712
353 -2.96815
354 -2.32676
355 -3.61615
356 -2.86152
357 -2.19557
358 -1.61957
359 -1.13205
360 -2.79747
361 -2.15508
362 -1.59838
363 -2.76338
364 -2.13895
365 -1.5995
366 -1.19519
367 -2.86361
368 -2.28509
369 -1.78209
370 -1.4003
371 -3.07246
372 -2.41287
373 -1.89612
374 -1.49741
375 -1.10153
376 -2.89419
377 -2.41685
378 -1.81673
379 -1.45202
380 -3.01749
381 -2.33207
382 -1.90613
383 -1.4735
384 -2.51494
385 -1.97497
386 -1.55558
387 -3.18116
388 -2.65945
389 -2.19056
390 -1.77107
391 -1.39924
392 -0.999647
393 -1.83501
394 -1.51961
395 -2.72882
396 -2.31222
397 -1.97473
398 -1.34309
