0 0.373284
1 0.373284
2 0.373284
3 0.37806
4 0.38995
5 0.407878
6 0.438671
7 0.47865
8 0.546211
9 0.607156
10 0.680733
11 -0.990565
12 -0.881178
13 -0.785585
14 -0.673892
15 -0.54948
16 -0.440487
17 -0.348973
18 -0.265211
19 -0.175006
20 -0.104427
21 -0.05532
22 -2.12322
23 -1.97197
24 -1.83364
25 -1.67567
26 -1.51849
27 -1.34509
28 -1.15991
29 -0.9417
30 -0.725797
31 -2.56227
32 -2.21471
33 -1.9256
34 -1.64636
35 -1.34328
36 -1.08605
37 -0.816535
38 -0.600639
39 -2.76084
40 -2.43897
41 -2.1408
42 -1.78239
43 -1.5373
44 -1.26485
45 -0.973819
46 -0.707121
47 -2.91175
48 -2.61205
49 -2.29113
50 -1.90402
51 -1.60148
52 -1.34358
53 -1.06258
54 -0.77253
55 -0.544836
56 -2.73369
57 -2.44396
58 -2.17531
59 -1.88165
60 -1.59767
61 -1.28924
62 -1.02804
63 -3.83674
64 -3.3204
65 -2.88259
66 -2.34745
67 -1.98139
68 -1.57886
69 -1.20369
70 -4.16177
71 -3.21231
72 -2.8257
73 -2.40873
74 -1.96517
75 -1.5937
76 -1.2898
77 -0.973077
78 -0.694742
79 -3.96725
80 -3.53373
81 -3.07382
82 -2.68871
83 -2.21145
84 -1.8545
85 -4.06121
86 -3.39147
87 -2.90083
88 -2.43549
89 -1.93973
90 -5.74073
91 -4.95194
92 -4.21736
93 -3.52251
94 -2.8669
95 -2.25864
96 -1.7741
97 -1.28518
98 -0.920084
99 -0.577466
100 -5.11809
101 -4.25404
102 -3.65198
103 -2.9465
104 -5.72165
105 -4.81489
106 -3.97077
107 -3.18578
108 -2.55226
109 -6.43082
110 -4.99022
111 -3.85376
112 -2.96349
113 -6.67742
114 -5.2746
115 -4.19253
116 -3.24961
117 -2.44236
118 -6.58272
119 -5.29121
120 -4.3079
121 -3.54974
122 -2.78515
123 -5.64441
124 -4.45696
125 -3.4192
126 -6.18992
127 -5.07441
128 -3.97822
129 -3.12734
130 -2.38676
131 -1.75742
132 -4.95837
133 -4.01027
134 -3.29216
135 -2.6657
136 -5.33968
137 -4.5399
138 -3.90051
139 -3.22403
140 -5.14532
141 -4.29558
142 -3.60204
143 -2.95651
144 -2.21796
145 -1.75187
146 -1.1719
147 -3.6454
148 -3.12726
149 -2.73049
150 -2.32026
151 -1.94444
152 -3.76756
153 -3.33466
154 -2.97263
155 -2.5652
156 -2.16174
157 -1.76619
158 -1.34131
159 -0.951777
160 -0.682391
161 -2.64375
162 -2.35721
163 -2.03381
164 -1.73652
165 -1.42291
166 -1.18082
167 -0.948456
168 -0.730476
169 -0.532377
170 -0.359828
171 -0.216932
172 -1.77247
173 -1.61171
174 -1.45553
175 -1.26846
176 -1.14284
177 -1.01049
178 -0.853201
179 -0.287613
180 -0.116413
181 0.0371891
182 0.147737
183 0.259299
184 -0.740065
185 -0.654112
186 -0.600864
187 -0.553115
188 -0.516818
189 -0.475752
190 -0.437575
191 -0.389747
192 -1.90094
193 -1.76639
194 -1.60359
195 -1.42457
196 -1.25554
197 -1.05283
198 -0.872781
199 -0.672017
200 -0.484712
201 -0.337724
202 -3.04511
203 -2.76452
204 -2.42256
205 -2.12015
206 -1.77789
207 -1.47399
208 -1.21402
209 -0.932501
210 -0.701875
211 -0.469671
212 -0.272672
213 -0.13217
214 -3.72354
215 -3.25906
216 -2.82586
217 -2.35938
218 -1.91166
219 -1.53295
220 -5.36685
221 -4.5906
222 -3.74671
223 -3.0553
224 -2.41993
225 -1.85112
226 -1.28904
227 -5.65401
228 -4.21848
229 -3.0976
230 -6.46159
231 -4.53832
232 -3.11449
233 -7.45801
234 -5.09627
235 -3.387
236 -5.66776
237 -3.7563
238 -2.89251
239 -6.69309
240 -5.37767
241 -4.29315
242 -6.18833
243 -5.15218
244 -4.36388
245 -3.56112
246 -4.44373
247 -3.63138
248 -3.06879
249 -2.48942
250 -2.6205
251 -2.15365
252 -1.74459
253 -1.38613
254 -0.82112
255 -0.583444
256 -0.41707
257 -0.289272
258 -0.197179
259 -0.135821
260 -0.0958185
261 -0.0808641
262 -0.0756163
263 -0.0780011
264 -0.083229
265 -0.0895364
266 -0.0934719
267 -0.0949488
268 2.46142
269 2.17719
270 1.89178
271 1.63868
272 1.35096
273 1.07222
274 0.842254
275 0.575267
276 0.395093
277 0.16778
278 4.05785
279 3.04648
280 2.10606
281 4.73246
282 2.68528
283 4.55163
284 2.36848
285 4.8624
286 2.85043
287 1.47472
288 3.96757
289 2.53543
290 4.34271
291 3.37001
292 2.59163
293 2.14599
294 2.89781
295 2.46365
296 2.10693
297 2.01755
298 1.77696
299 1.54712
300 1.34945
301 0.502665
302 0.371366
303 0.232977
304 0.127344
305 0.0294447
306 -0.034632
307 -0.0791804
308 -1.77725
309 -1.63224
310 -1.46579
311 -1.3022
312 -1.10071
313 -0.917996
314 -0.710896
315 -3.1037
316 -2.73924
317 -2.33814
318 -1.99761
319 -1.53498
320 -1.19218
321 -0.918585
322 -0.642803
323 -0.437663
324 -0.246783
325 -4.02395
326 -3.33492
327 -2.77356
328 -2.11405
329 -4.42883
330 -3.42306
331 -2.51503
332 -1.72997
333 -3.58398
334 -2.16734
335 -1.24965
336 -3.76563
337 -5.34429
338 -3.20402
339 -4.8394
340 -2.85948
341 -1.52082
342 -3.63199
343 -2.63409
344 -4.59774
345 -3.80501
346 -2.99344
347 -2.41561
348 -1.94049
349 -4.67718
350 -3.93125
351 -3.33537
352 -2.63605
353 -2.143
354 -4.03806
355 -3.25211
356 -2.54468
357 -4.06319
358 -3.20514
359 -2.45063
360 -1.72976
361 -1.2047
362 -2.93631
363 -2.27362
364 -1.78087
365 -3.06237
366 -2.50582
367 -1.95658
368 -1.43983
369 -3.12339
370 -2.61933
371 -2.11124
372 -1.66788
373 -3.38809
374 -2.76987
375 -2.14819
376 -1.66068
377 -1.23684
378 -3.02354
379 -2.44771
380 -1.88283
381 -1.4505
382 -2.99973
383 -2.43143
384 -1.92825
385 -1.48812
386 -2.42808
387 -2.00797
388 -1.58637
389 -3.10719
390 -2.65358
391 -2.13035
392 -1.71497
393 -1.30166
394 -0.983005
395 -2.26449
396 -1.88507
397 -2.52531
398 -2.10009
399 -1.71309
400 -1.39616
401 -1.03735
402 -2.08363
