0 1.97265e-05 0.999998
1 1.97252e-05 1
2 0.00143971 1
3 0.00569409 1
4 0.0163337 1
5 0.028353 1
6 0.0416869 1
7 0.0467954 1
8 0.00995238 1
9 0.00712101 1
10 0.00571008 1
11 0.00645769 1
12 0.00915602 0.705725
13 0.00900888 0.608373
14 0.00832905 0.547158
15 -0.0129983 0.507499
16 -0.0120937 0.47144
17 -0.00985441 0.4452
18 -0.00593135 0.423399
19 0.000861548 0.397328
20 0.00714344 0.377516
21 0.0114453 0.365224
22 0.014664 0.355478
23 0.0166321 0.34739
24 0.0173956 0.339625
25 0.000406684 0.333867
26 0.000812305 0.329069
27 0.00206015 0.324423
28 0.00448166 0.320479
29 0.00728818 0.31721
30 0.0099346 0.314526
31 0.0117932 0.312601
32 0.013003 0.311027
33 -0.00500066 0.309538
34 -0.00268498 0.308113
35 0.000387961 0.307082
36 0.00477003 0.306209
37 0.00996554 0.305399
38 0.013619 0.30489
39 0.017058 0.3044
40 0.0188771 0.304011
41 -0.000316673 0.303728
42 0.000861786 0.303522
43 0.00252727 0.303334
44 0.00571429 0.303131
45 0.00933027 0.30296
46 0.0127011 0.302829
47 0.0150432 0.302753
48 0.0166871 0.302702
49 0.0171698 0.302667
50 -0.00196991 0.302644
51 -0.000865849 0.302629
52 0.00099634 0.302595
53 0.00384172 0.302563
54 0.00754051 0.302537
55 0.0106577 0.302534
56 0.0138794 0.302565
57 -0.00311621 0.302598
58 0.000758809 0.302606
59 0.00670008 0.302527
60 0.0128931 0.302454
61 0.0186539 0.302431
62 0.0231457 0.302482
63 0.025881 0.3026
64 0.00255998 0.302726
65 0.0054647 0.302851
66 0.00739101 0.302798
67 0.0114696 0.30274
68 0.0167963 0.302738
69 0.0200752 0.302745
70 0.0221099 0.302782
71 0.0226024 0.302828
72 0.0217433 0.302893
73 0.0010649 0.30299
74 0.00250493 0.303068
75 0.00514737 0.303031
76 0.00984503 0.302921
77 0.014336 0.302818
78 0.00559543 0.302803
79 0.0111823 0.302828
80 0.0182099 0.302782
81 0.023444 0.30272
82 0.0280662 0.302723
83 0.0307738 0.302783
84 0.0140389 0.302944
85 0.0183473 0.303104
86 0.0238084 0.302947
87 0.0288438 0.302846
88 0.0321414 0.302875
89 0.0335572 0.303015
90 0.0332592 0.303225
91 0.0307262 0.303389
92 0.0268915 0.303452
93 0.0167462 0.303442
94 0.019215 0.303411
95 0.023414 0.303355
96 0.016703 0.303177
97 0.0248174 0.303185
98 0.0325402 0.303108
99 0.0393772 0.303299
100 0.0439794 0.303465
101 0.0456076 0.303699
102 0.045737 0.303975
103 0.0497462 0.30421
104 0.0519574 0.304325
105 0.0422935 0.304506
106 0.047704 0.304831
107 0.0502983 0.304821
108 0.0518611 0.304986
109 0.050697 0.305125
110 0.0330112 0.305616
111 0.0360479 0.305877
112 0.0382219 0.305282
113 0.0400146 0.305314
114 0.0348776 0.305187
115 0.0407483 0.305025
116 0.0453971 0.304807
117 0.0484719 0.30477
118 0.0374462 0.304791
119 0.0410531 0.304732
120 0.0436514 0.304443
121 0.0448445 0.304283
122 0.0441377 0.304065
123 0.0417535 0.304146
124 0.0261255 0.30417
125 0.0264459 0.304086
126 0.0272417 0.303634
127 0.0281944 0.303448
128 0.0139119 0.303348
129 0.0181479 0.303215
130 0.0226965 0.302992
131 0.0280356 0.302824
132 0.0145755 0.302767
133 0.0197171 0.302825
134 0.0239246 0.302691
135 0.0279622 0.302576
136 0.0308251 0.302554
137 0.0320403 0.302647
138 0.0314473 0.30281
139 0.00783066 0.302889
140 0.0072332 0.302934
141 0.0075387 0.3028
142 0.00955663 0.302708
143 0.0123035 0.30264
144 -0.00606476 0.302617
145 -0.00214666 0.302574
146 0.00291626 0.302545
147 0.00921202 0.302487
148 0.015432 0.302374
149 0.0200699 0.302314
150 0.0237964 0.302331
151 0.0256479 0.302401
152 0.00176448 0.302514
153 0.00142795 0.302586
154 0.00212638 0.30251
155 0.00456648 0.302443
156 0.00732509 0.302407
157 0.0104736 0.302361
158 0.013021 0.302344
159 0.0147385 0.302356
160 0.0155349 0.302375
161 0.0152133 0.302392
162 0.0141928 0.302402
163 0.0123419 0.302398
164 0.00997777 0.302382
165 -0.00843338 0.302188
166 -0.00977607 0.302968
167 -0.00954536 0.303308
168 -0.00757096 0.30347
169 -0.00411105 0.303514
170 -6.49983e-05 0.303554
171 0.00396241 0.303572
172 0.000931892 0.303593
173 0.00431873 0.303621
174 0.0072911 0.303637
175 0.00959008 0.303651
176 0.0115022 0.303672
177 0.0124534 0.303692
178 0.0126655 0.30371
179 0.0120248 0.303717
180 0.0106828 0.303708
181 0.00908043 0.303685
182 0.00697332 0.303645
183 0.00503477 0.303602
184 -0.00359517 0.303559
185 -0.00427114 0.303509
186 -0.00408948 0.30349
187 -0.00285273 0.303466
188 -0.00125007 0.303443
189 0.000813965 0.303417
190 0.00258703 0.303397
191 0.00433212 0.303381
192 -0.00681749 0.303375
193 -0.00444351 0.303367
194 -0.00185412 0.303396
195 0.00139017 0.303393
196 0.0052004 0.30338
197 0.00905978 0.303369
198 0.0120359 0.30337
199 0.0014461 0.303284
200 0.00288291 0.303268
201 0.00490892 0.303224
202 0.00715398 0.303186
203 0.00965789 0.30315
204 0.0118361 0.30885
205 0.0135164 0.304134
206 0.0142992 0.30307
207 0.0142435 0.303191
208 -0.00272201 0.302948
209 0.0015491 0.302973
210 0.00609155 0.302938
211 0.0122842 0.302913
212 0.0175868 0.302876
213 0.0226083 0.302893
214 0.0256881 0.302968
215 0.0275131 0.303113
216 0.0347074 0.3032
217 0.0419913 0.303309
218 0.0466068 0.303541
219 0.0478483 0.303891
220 0.0466357 0.304258
221 0.0633249 0.30481
222 0.0696568 0.305118
223 0.0723735 0.306202
224 0.091556 0.307202
225 0.0988355 0.308125
226 0.098424 0.309994
227 0.0912102 0.312704
228 0.114551 0.315032
229 0.114285 0.316016
230 0.11125 0.321255
231 0.103834 0.321035
232 0.0924873 0.319934
233 0.07939 0.318477
234 0.0744781 0.316326
235 0.0675614 0.31375
236 0.0441293 0.312656
237 0.0396635 0.311153
238 0.0362313 0.30935
239 0.0340771 0.308279
240 0.0153666 0.307101
241 0.0144289 0.306418
242 0.0145875 0.305537
243 0.0158773 0.304918
244 0.0177529 0.304375
245 0.0107091 0.303994
246 0.0117581 0.3037
247 0.0129432 0.303329
248 0.0141755 0.303018
249 0.0132215 0.302786
250 0.0128499 0.302593
251 0.0120963 0.302438
252 0.0110347 0.302293
253 0.00940447 0.302234
254 0.00745729 0.302216
255 0.00545663 0.302214
256 0.00377115 0.302206
257 0.0022582 0.302197
258 0.000978243 0.302188
259 -0.000171459 0.302181
260 -0.000910866 0.302177
261 -0.00144385 0.302174
262 -0.00166487 0.302173
263 0.00630317 0.30218
264 0.0025088 0.302177
265 -0.00252365 0.30224
266 -0.00817685 0.302324
267 -0.0133702 0.302468
268 -0.0174512 0.30262
269 -0.020044 0.302752
270 -0.0210094 0.302894
271 -0.020575 0.303026
272 -0.0188139 0.303101
273 -0.0160284 0.303136
274 -0.0571187 0.303172
275 -0.0697426 0.303047
276 -0.0746944 0.304354
277 -0.124934 0.304185
278 -0.130667 0.306692
279 -0.162564 0.311846
280 -0.154997 0.314483
281 -0.157284 0.319086
282 -0.134134 0.322164
283 -0.109709 0.323636
284 -0.0849054 0.321337
285 -0.0655185 0.318651
286 -0.0424379 0.315496
287 -0.0295026 0.312794
288 -0.0195735 0.310547
289 -0.0134681 0.309035
290 -0.00208286 0.30777
291 -0.000930399 0.306626
292 -0.00171619 0.305837
293 0.000916851 0.305095
294 -0.00157817 0.304568
295 -0.00496693 0.303988
296 -0.00809606 0.30353
297 -0.0124246 0.303168
298 -0.0138564 0.302803
299 -0.0141652 0.302517
300 -0.0130466 0.302369
301 -0.0113185 0.302329
302 -0.0085286 0.302323
303 -0.00576127 0.302305
304 -0.00897812 0.302281
305 -0.00406567 0.302255
306 0.00034594 0.302256
307 0.00530412 0.302237
308 0.00912306 0.302225
309 0.0124654 0.302232
310 0.00115624 0.302267
311 0.00555753 0.302301
312 0.0102138 0.30233
313 0.0157003 0.302407
314 0.0202735 0.302513
315 0.0227157 0.302627
316 0.0239234 0.302781
317 0.0234452 0.302922
318 0.0215447 0.303018
319 0.0189415 0.303068
320 0.0152814 0.303107
321 0.0258786 0.303085
322 0.0306162 0.303015
323 0.0341473 0.303156
324 0.0355806 0.303294
325 0.0604242 0.303428
326 0.0654364 0.303528
327 0.066136 0.304501
328 0.091962 0.305288
329 0.0928917 0.305657
330 0.086543 0.307573
331 0.118752 0.308568
332 0.131329 0.308546
333 0.127019 0.311384
334 0.11413 0.313746
335 0.0999964 0.31463
336 0.0831503 0.314443
337 0.0650811 0.313624
338 0.0506679 0.311912
339 0.0395016 0.310311
340 0.0255945 0.308781
341 0.0219971 0.30762
342 0.0206786 0.306768
343 0.0206312 0.306096
344 0.0210942 0.305611
345 0.0226971 0.30544
346 0.0286748 0.304898
347 0.0336591 0.304386
348 0.036905 0.304164
349 0.0380732 0.304164
350 0.0415673 0.304019
351 0.0436184 0.303839
352 0.0443183 0.303816
353 0.0464675 0.303871
354 0.0465374 0.303818
355 0.0445095 0.303822
356 0.0411187 0.303828
357 0.0382463 0.303842
358 0.0366011 0.30384
359 0.0341051 0.303697
360 0.0307886 0.303573
361 0.0305356 0.303491
362 0.0298696 0.303445
363 0.0285302 0.30351
364 0.0264223 0.30343
365 0.0238854 0.303335
366 0.0243445 0.30326
367 0.0241514 0.303233
368 0.024569 0.303249
369 0.0269157 0.303206
370 0.0287724 0.303059
371 0.0295008 0.303061
372 0.0288733 0.303137
373 0.0254693 0.303269
374 0.0263654 0.303175
375 0.0267077 0.302995
376 0.0260867 0.302903
