0 0.15 0
1 2.77803 2.62803
2 6.71995 6.56995
3 2.21159 2.06159
4 2.00752 1.85753
5 3.23135 3.08135
6 4.70978 4.55978
7 6.5651 6.4151
8 8.60892 8.45892
9 10.3951 10.2451
10 12.8276 12.6776
11 14.489 14.339
12 16.5945 16.4451
13 18.4788 18.335
14 20.0745 19.9414
15 21.5329 21.4095
16 22.6872 22.5715
17 23.8469 23.739
18 25.0226 24.9225
19 26.0713 25.9782
20 26.7906 26.7023
21 27.5114 27.4279
22 28.1597 28.0806
23 28.667 28.5913
24 29.1197 29.047
25 29.5854 29.5159
26 29.8981 29.8306
27 30.2734 30.2084
28 30.617 30.5543
29 30.9251 30.8645
30 31.2332 31.1746
31 31.4764 31.4195
32 31.6895 31.6339
33 31.9245 31.8706
34 32.0711 32.0181
35 32.2168 32.1648
36 32.3318 32.2805
37 32.4494 32.399
38 32.5685 32.5188
39 32.6628 32.6138
40 32.7557 32.7073
41 32.8377 32.7898
42 32.8937 32.8462
43 32.9497 32.9025
44 33.0001 32.9533
45 33.0388 32.9923
46 33.0891 33.0429
47 33.1256 33.0797
48 33.1612 33.1155
49 33.1889 33.1434
50 33.2127 33.1673
51 33.2309 33.1857
52 33.2495 33.2044
53 33.2683 33.2234
54 33.2843 33.2394
55 33.2967 33.2519
56 33.3121 33.2675
57 33.3215 33.2769
58 33.3291 33.2845
59 33.3377 33.2932
60 33.3501 33.3056
61 33.3566 33.3122
62 33.3616 33.3173
63 33.3662 33.3218
64 33.3711 33.3269
65 33.3749 33.3306
66 33.378 33.3337
67 33.3804 33.3362
68 33.3823 33.3381
69 33.3841 33.3399
70 33.386 33.3418
71 33.3883 33.3441
72 33.3914 33.3472
73 33.3937 33.3496
74 33.3942 33.35
75 33.3935 33.3494
76 33.393 33.3488
77 33.3928 33.3487
78 33.3937 33.3495
79 33.3956 33.3514
80 33.397 33.3529
81 33.3972 33.3531
82 33.3967 33.3526
83 33.3955 33.3513
84 33.3948 33.3507
85 33.3937 33.3495
86 33.3925 33.3483
87 33.3914 33.3472
88 33.3903 33.3461
89 33.3912 33.3471
90 33.3926 33.3485
91 33.3944 33.3503
92 33.3953 33.3512
93 33.395 33.3508
94 33.396 33.3519
95 33.3971 33.353
96 33.3974 33.3533
97 33.3971 33.353
98 33.3955 33.3514
99 33.3934 33.3493
100 33.395 33.3509
101 33.3965 33.3524
102 33.3973 33.3532
103 33.3966 33.3525
104 33.394 33.3499
105 33.3896 33.3454
106 33.3862 33.342
107 33.3849 33.3407
108 33.3857 33.3415
109 33.3863 33.3421
110 33.3876 33.3434
111 33.3886 33.3444
112 33.389 33.3448
113 33.3898 33.3456
114 33.3906 33.3465
115 33.3877 33.3435
116 33.3872 33.343
117 33.3827 33.3385
118 33.3796 33.3353
119 33.3741 33.3298
120 33.3757 33.3314
121 33.3718 33.3275
122 33.3696 33.3253
123 33.372 33.3277
124 33.3714 33.3271
125 33.3684 33.3241
126 33.3626 33.3183
127 33.3553 33.3109
128 33.3526 33.3082
129 33.3505 33.3061
130 33.3558 33.3114
131 33.354 33.3096
132 33.3567 33.3123
133 33.3586 33.3142
134 33.3622 33.3179
135 33.3641 33.3197
136 33.3648 33.3205
137 33.3738 33.3296
138 33.3757 33.3315
139 33.3747 33.3305
140 33.3743 33.33
141 33.3702 33.3259
142 33.369 33.3247
143 33.3699 33.3256
144 33.3766 33.3323
145 33.3807 33.3364
146 33.3833 33.3391
147 33.3857 33.3415
148 33.3874 33.3432
149 33.3906 33.3465
150 33.3931 33.3489
151 33.3946 33.3504
152 33.3953 33.3511
153 33.3977 33.3536
154 33.3997 33.3556
155 33.4006 33.3565
156 33.4007 33.3566
157 33.3991 33.355
158 33.3963 33.3522
159 33.3951 33.351
160 33.3943 33.3502
161 33.3964 33.3523
162 33.3981 33.3539
163 33.3989 33.3548
164 33.4002 33.3561
165 33.401 33.3569
166 33.4013 33.3572
167 33.4016 33.3575
168 33.4029 33.3589
169 33.405 33.361
170 33.4061 33.362
171 33.4055 33.3615
172 33.4042 33.3601
173 33.4033 33.3593
174 33.4025 33.3584
175 33.4029 33.3589
176 33.4037 33.3597
177 33.4046 33.3605
178 33.4055 33.3614
179 33.406 33.362
180 33.4062 33.3621
181 33.415 33.371
182 33.3688 33.3245
183 33.3955 33.3514
184 33.3927 33.3486
185 33.3924 33.3482
186 33.3908 33.3467
187 33.3897 33.3455
188 33.3886 33.3445
189 33.3874 33.3432
190 33.3863 33.3421
191 33.3855 33.3413
192 33.3849 33.3407
193 33.3843 33.3401
194 33.3838 33.3396
195 33.3834 33.3392
196 33.3831 33.3389
197 33.3831 33.3389
198 33.3832 33.339
199 33.3834 33.3392
200 33.3839 33.3396
201 33.3843 33.3401
202 33.3847 33.3405
203 33.3845 33.3403
204 33.3845 33.3403
205 33.3847 33.3405
206 33.385 33.3408
207 33.3852 33.341
208 33.3854 33.3412
209 33.3855 33.3413
210 33.3855 33.3413
211 33.3855 33.3413
212 33.385 33.3409
213 33.3851 33.3409
214 33.3854 33.3412
215 33.3857 33.3415
216 33.3857 33.3415
217 33.3855 33.3413
218 33.3854 33.3412
219 33.3853 33.3411
220 33.3856 33.3414
221 33.386 33.3418
222 33.3838 33.3396
223 33.3837 33.3394
224 33.3844 33.3402
225 33.3852 33.341
226 33.3855 33.3413
227 33.3852 33.341
228 33.336 33.2915
229 33.3527 33.3083
230 33.4124 33.3684
231 33.3758 33.3315
232 33.3784 33.3341
233 33.3791 33.3348
234 33.3797 33.3355
235 33.381 33.3368
236 33.383 33.3388
237 33.3845 33.3403
238 33.3847 33.3405
239 33.3842 33.34
240 33.3834 33.3392
241 33.3849 33.3407
242 33.383 33.3388
243 33.3772 33.3329
244 33.3721 33.3279
245 33.3675 33.3231
246 33.3611 33.3168
247 33.3583 33.3139
248 33.3415 33.297
249 33.3274 33.2828
250 33.3115 33.2668
251 33.2844 33.2395
252 33.2422 33.1971
253 33.1748 33.1292
254 33.1643 33.1187
255 33.0905 33.0443
256 33.0362 32.9897
257 33.0583 33.0119
258 33.0815 33.0352
259 33.1157 33.0697
260 33.1545 33.1087
261 33.1814 33.1358
262 33.2034 33.158
263 33.232 33.1868
264 33.2564 33.2114
265 33.277 33.2321
266 33.2905 33.2456
267 33.3083 33.2636
268 33.3213 33.2767
269 33.3323 33.2878
270 33.3428 33.2983
271 33.3537 33.3093
272 33.3618 33.3175
273 33.3686 33.3243
274 33.375 33.3308
275 33.3802 33.336
276 33.3854 33.3412
277 33.3883 33.3442
278 33.3917 33.3476
279 33.3948 33.3507
280 33.3969 33.3528
281 33.3992 33.3551
282 33.4007 33.3566
283 33.4018 33.3578
284 33.403 33.3589
285 33.404 33.36
286 33.405 33.3609
287 33.4057 33.3617
288 33.4065 33.3625
289 33.4054 33.3613
290 33.4046 33.3605
291 33.4031 33.359
292 33.4015 33.3574
293 33.3996 33.3555
294 33.3978 33.3537
295 33.3957 33.3516
296 33.3945 33.3504
297 33.3937 33.3496
298 33.3931 33.349
299 33.3946 33.3505
300 33.3759 33.3316
301 33.3602 33.3158
302 33.3478 33.3034
303 33.2905 33.2457
304 33.2502 33.2051
305 33.1855 33.1401
306 33.1464 33.1006
307 33.1437 33.0979
308 33.1415 33.0956
309 33.167 33.1213
310 33.1903 33.1448
311 33.2213 33.1761
312 33.2468 33.2017
313 33.2713 33.2263
314 33.2892 33.2443
315 33.3072 33.2625
316 33.3199 33.2753
317 33.3336 33.2891
318 33.3444 33.2999
319 33.3537 33.3093
320 33.3627 33.3184
321 33.3707 33.3264
322 33.3775 33.3333
323 33.3831 33.3389
324 33.3877 33.3436
325 33.3902 33.3461
326 33.3928 33.3487
327 33.3951 33.351
328 33.3972 33.3531
329 33.399 33.3549
330 33.3998 33.3557
331 33.4014 33.3573
332 33.4028 33.3587
333 33.4039 33.3598
334 33.4042 33.3602
335 33.4041 33.3601
336 33.4041 33.3601
337 33.4048 33.3608
338 33.4048 33.3607
339 33.4036 33.3596
340 33.4023 33.3582
341 33.4005 33.3565
342 33.3984 33.3543
343 33.3968 33.3526
344 33.3957 33.3516
345 33.3947 33.3506
346 33.3951 33.351
347 33.3957 33.3516
348 33.3937 33.3496
349 33.3921 33.348
350 33.3909 33.3468
351 33.3784 33.3342
352 33.3673 33.323
353 33.3586 33.3142
354 33.3362 33.2916
355 33.3218 33.2771
356 33.3186 33.2741
357 33.2817 33.2368
358 33.2645 33.2195
359 33.2425 33.1974
360 33.238 33.1928
361 33.2464 33.2012
362 33.2618 33.2168
363 33.2816 33.2367
364 33.2984 33.2536
365 33.3105 33.2658
366 33.3203 33.2757
367 33.3306 33.286
368 33.3386 33.2941
369 33.3427 33.2983
370 33.3509 33.3064
371 33.3614 33.3171
372 33.3633 33.3189
373 33.3649 33.3206
374 33.3684 33.324
375 33.3723 33.328
376 33.373 33.3287
377 33.3752 33.331
378 33.3775 33.3333
379 33.3787 33.3345
380 33.3795 33.3352
381 33.3798 33.3355
382 33.383 33.3388
383 33.3854 33.3412
384 33.3865 33.3423
385 33.388 33.3438
386 33.3875 33.3433
387 33.3881 33.3439
388 33.3888 33.3447
389 33.3898 33.3456
390 33.3912 33.3471
391 33.3909 33.3468
392 33.3913 33.3471
393 33.3938 33.3496
394 33.395 33.3509
