0 0.0450188 0
1 0.482535 0.438009
2 4.4201 4.38001
3 3.23102 3.1896
4 1.59471 1.55144
5 0.653217 0.608884
6 0.813391 0.769239
7 1.04132 0.997426
8 1.40734 1.36386
9 1.78107 1.73801
10 2.27894 2.23644
11 2.69448 2.65245
12 3.28093 3.23956
13 3.90655 3.86589
14 4.36522 4.32507
15 4.80088 4.76122
16 5.32763 5.28857
17 5.78578 5.74724
18 6.2272 6.18916
19 6.70008 6.66256
20 7.2903 7.25344
21 7.68227 7.64585
22 8.0574 8.02141
23 8.34002 8.30435
24 8.65273 8.6174
25 9.03134 8.99644
26 9.32425 9.28969
27 9.71181 9.67768
28 10.1852 10.1516
29 10.4121 10.3787
30 10.6297 10.5967
31 10.9014 10.8686
32 11.1356 11.1031
33 11.4268 11.3946
34 11.2562 11.2239
35 11.533 11.501
36 12.1697 12.1383
37 12.4182 12.3872
38 12.1021 12.0707
39 12.7942 12.7636
40 13.0693 13.0389
41 13.2614 13.2313
42 12.9101 12.8795
43 13.0821 13.0518
44 13.7105 13.6808
45 13.8814 13.852
46 13.999 13.9697
47 13.6334 13.6037
48 13.7883 13.7588
49 13.8945 13.865
50 14.0646 14.0353
51 15.4141 15.3864
52 15.529 15.5014
53 15.0824 15.0543
54 15.173 15.145
55 15.7718 15.7445
56 15.36 15.3322
57 15.9649 15.9378
58 16.0516 16.0246
59 15.6088 15.5813
60 15.6845 15.657
61 16.2693 16.2425
62 16.3469 16.3203
63 16.4056 16.379
64 15.9529 15.9258
65 16.5322 16.5058
66 16.6008 16.5744
67 16.6616 16.6353
68 16.72 16.6938
69 16.7761 16.75
70 16.3203 16.2936
71 16.3737 16.3471
72 16.941 16.9151
73 16.9976 16.9717
74 16.5403 16.5138
75 17.0917 17.0659
76 17.1429 17.1171
77 17.1864 17.1607
78 17.2279 17.2022
79 16.7775 16.7514
80 16.8024 16.7762
81 16.8494 16.8233
82 17.3925 17.367
83 17.436 17.4106
84 17.4711 17.4457
85 17.0109 16.985
86 17.0431 17.0173
87 17.5633 17.538
88 17.5994 17.5742
89 17.1396 17.1138
90 17.1681 17.1424
91 17.6898 17.6646
92 17.7226 17.6975
93 17.2636 17.238
94 17.2888 17.2632
95 17.7956 17.7706
96 17.3509 17.3253
97 17.3612 17.3357
98 17.8702 17.8453
99 17.4262 17.4008
100 17.4467 17.4213
101 17.9441 17.9193
102 17.4919 17.4665
103 17.9851 17.9603
104 17.5384 17.513
105 18.0284 18.0037
106 17.5819 17.5567
107 17.5969 17.5716
108 18.0848 18.0601
109 18.1052 18.0806
110 18.1193 18.0947
111 18.1323 18.1077
112 17.6755 17.6504
113 17.6883 17.6631
114 18.1708 18.1462
115 18.1782 18.1536
116 18.1884 18.1639
117 18.1993 18.1748
118 18.2101 18.1856
119 18.2203 18.1958
120 18.2298 18.2052
121 17.7734 17.7483
122 18.2469 18.2223
123 18.2609 18.2364
124 17.8059 17.7809
125 17.8141 17.7891
126 18.2879 18.2634
127 18.3018 18.2773
128 18.3098 18.2853
129 17.8558 17.8309
130 18.3123 18.2878
131 18.3237 18.2993
132 17.8708 17.8458
133 17.8776 17.8527
134 18.3503 18.3259
135 17.9057 17.8808
136 18.3674 18.343
137 18.3767 18.3524
138 18.3824 18.358
139 18.3863 18.362
140 18.3904 18.366
141 18.3947 18.3703
142 18.399 18.3747
143 17.933 17.9081
144 17.9342 17.9093
145 17.9455 17.9206
146 18.4106 18.3863
147 18.4207 18.3964
148 17.968 17.9432
149 18.4253 18.4009
150 18.4329 18.4086
151 18.4361 18.4118
152 18.4381 18.4138
153 17.9853 17.9605
154 17.9884 17.9636
155 17.9984 17.9736
156 18.4587 18.4344
157 18.4676 18.4434
158 18.4708 18.4466
159 18.0167 17.9919
160 18.0216 17.9969
161 18.4801 18.4558
162 18.4839 18.4596
163 18.0181 17.9933
164 18.0166 17.9918
165 18.026 18.0012
166 18.4851 18.4609
167 18.4922 18.4679
168 18.4963 18.472
169 18.0447 18.02
170 18.4966 18.4723
171 18.5018 18.4776
172 18.5022 18.4779
173 18.5015 18.4772
174 18.0478 18.0231
175 18.0481 18.0234
176 18.0562 18.0315
177 18.5124 18.4882
178 18.5169 18.4927
179 18.5192 18.495
180 18.0678 18.043
181 18.0668 18.0421
182 18.5214 18.4972
183 18.0766 18.0519
184 18.5147 18.4905
185 18.0698 18.045
186 18.5202 18.496
187 18.5262 18.502
188 18.0756 18.0509
189 18.0781 18.0534
190 18.5288 18.5046
191 18.5333 18.5091
192 18.532 18.5078
193 18.5303 18.5061
194 18.5284 18.5042
195 18.0763 18.0516
196 18.0738 18.0491
197 18.0812 18.0565
198 18.0835 18.0588
199 18.0925 18.0678
200 18.5429 18.5187
201 18.5476 18.5235
202 18.097 18.0724
203 18.0832 18.0585
204 18.5355 18.5113
205 18.0929 18.0682
206 18.0908 18.0661
207 18.0977 18.073
208 18.5484 18.5242
209 18.549 18.5248
210 18.1017 18.077
211 18.5505 18.5263
212 18.5566 18.5324
213 18.5561 18.5319
214 18.5529 18.5287
215 18.0998 18.0752
216 18.0974 18.0727
217 18.5477 18.5236
218 18.1103 18.0857
219 18.1043 18.0796
220 18.1095 18.0848
221 18.5595 18.5353
222 18.5649 18.5407
223 18.1142 18.0895
224 18.112 18.0874
225 18.561 18.5368
226 18.5592 18.535
227 18.5596 18.5355
228 18.5558 18.5316
229 18.1057 18.081
230 18.5536 18.5295
231 18.5568 18.5326
232 18.5546 18.5305
233 18.549 18.5248
234 18.0994 18.0747
235 18.5399 18.5157
236 18.5412 18.517
237 18.0911 18.0664
238 18.0872 18.0625
239 18.0932 18.0685
240 18.5452 18.521
241 18.127 18.1023
242 18.5738 18.5497
243 18.1148 18.0902
244 18.1012 18.0766
245 18.1121 18.0874
246 18.1174 18.0928
247 18.5654 18.5412
248 18.124 18.0993
249 18.1182 18.0935
250 18.13 18.1053
251 18.573 18.5488
252 18.5807 18.5565
253 18.5799 18.5557
254 18.1291 18.1045
255 18.1249 18.1003
256 18.1286 18.1039
257 18.5751 18.5509
258 18.1372 18.1125
259 18.1342 18.1096
260 18.5808 18.5567
261 18.5844 18.5603
262 18.5849 18.5608
263 18.1309 18.1062
264 18.5749 18.5507
265 18.1348 18.1102
266 18.134 18.1094
267 18.5854 18.5613
268 18.1418 18.1171
269 18.1377 18.113
270 18.5864 18.5622
271 18.5875 18.5634
272 18.1427 18.1181
273 18.5855 18.5614
274 18.145 18.1203
275 18.1428 18.1182
276 18.148 18.1234
277 18.1514 18.1268
278 18.5993 18.5751
279 18.6045 18.5804
280 18.6029 18.5787
281 18.6022 18.5781
282 18.6003 18.5762
283 18.151 18.1263
284 18.147 18.1224
285 18.596 18.5719
286 18.1545 18.1298
287 18.1496 18.1249
288 18.5983 18.5741
289 18.1599 18.1353
290 18.157 18.1323
291 18.1617 18.1371
292 18.1555 18.1308
293 18.1579 18.1333
294 18.6085 18.5844
295 18.6125 18.5884
296 18.164 18.1394
297 18.6065 18.5824
298 18.6085 18.5844
299 18.6055 18.5813
300 18.6024 18.5783
301 18.1497 18.1251
302 18.1467 18.1221
303 18.5968 18.5727
304 18.6011 18.5769
305 18.5993 18.5752
306 18.15 18.1254
307 18.1471 18.1225
308 18.5956 18.5715
309 18.1552 18.1306
310 18.1524 18.1278
311 18.1567 18.1321
312 18.6048 18.5807
313 18.6091 18.585
314 18.1625 18.1379
315 18.1602 18.1356
316 18.6102 18.5861
317 18.1704 18.1458
318 18.6018 18.5777
319 18.6031 18.579
320 18.1559 18.1313
321 18.6002 18.5761
322 18.6039 18.5798
323 18.6022 18.5781
324 18.152 18.1274
325 18.1495 18.1249
326 18.5983 18.5742
327 18.1576 18.133
328 18.1545 18.1298
329 18.1589 18.1343
330 18.1632 18.1386
331 18.6128 18.5887
332 18.1717 18.1471
333 18.1691 18.1445
334 18.1734 18.1488
335 18.1774 18.1529
336 18.1813 18.1567
337 18.6286 18.6046
338 18.6321 18.608
339 18.4453 18.421
340 18.3736 18.3492
341 18.393 18.3687
342 18.4049 18.3805
343 18.4016 18.3773
344 18.4046 18.3803
345 18.3579 18.3335
346 18.3556 18.3313
347 18.3963 18.3719
348 18.3563 18.3319
349 18.3568 18.3324
350 18.3797 18.3554
351 18.373 18.3486
352 18.3651 18.3407
353 18.3671 18.3427
354 18.3563 18.3319
355 18.3555 18.3311
356 18.3547 18.3303
357 18.358 18.3337
358 18.3574 18.3331
359 18.3488 18.3244
360 18.3569 18.3326
361 18.3568 18.3324
362 18.3441 18.3197
363 18.3429 18.3185
364 18.3423 18.3179
365 18.3551 18.3307
366 18.3545 18.3301
367 18.3417 18.3173
368 18.3417 18.3173
369 18.342 18.3176
370 18.3513 18.3269
371 18.3427 18.3183
372 18.3429 18.3185
373 18.3433 18.3189
374 18.3438 18.3194
375 18.344 18.3196
376 18.3407 18.3163
377 18.3374 18.313
378 18.3492 18.3248
379 18.3487 18.3243
380 18.3466 18.3222
381 18.3391 18.3147
382 18.3409 18.3165
383 18.3423 18.3179
384 18.344 18.3196
385 18.3448 18.3204
386 18.3453 18.3209
387 18.3457 18.3213
388 18.334 18.3095
389 18.3358 18.3114
390 18.3403 18.3159
391 18.3424 18.318
392 18.3273 18.3029
393 18.3402 18.3158
394 18.3312 18.3068
395 18.3338 18.3094
396 18.337 18.3126
397 18.3284 18.304
398 18.3268 18.3024
399 18.342 18.3176
400 18.3433 18.3189
401 18.3256 18.3012
402 18.326 18.3015
403 18.3456 18.3212
404 18.3285 18.3041
405 18.3462 18.3218
406 18.3463 18.3219
407 18.3213 18.2968
408 18.3372 18.3128
409 18.3414 18.317
410 18.3422 18.3178
411 18.3401 18.3157
412 18.3353 18.3109
413 18.3283 18.3039
414 18.3208 18.2963
415 18.3153 18.2909
416 18.3123 18.2879
417 18.3105 18.2861
418 18.3101 18.2856
419 18.4798 18.4556
420 18.1969 18.1723
421 18.4554 18.4311
422 18.4336 18.4093
423 18.1628 18.1382
424 18.5314 18.5072
425 18.5456 18.5214
426 18.5467 18.5225
427 18.5428 18.5187
428 18.5261 18.5019
429 18.5231 18.4989
430 18.524 18.4998
431 18.5251 18.5009
432 18.5254 18.5012
433 18.0742 18.0495
434 18.5237 18.4995
435 18.5278 18.5036
436 18.0754 18.0507
437 18.0732 18.0485
438 18.5273 18.5031
439 18.0819 18.0572
440 18.5281 18.5038
441 18.5338 18.5096
442 18.5325 18.5083
443 18.5285 18.5043
444 18.5259 18.5017
445 18.5194 18.4952
446 18.0668 18.0421
447 18.0626 18.0379
448 18.5143 18.4901
449 18.0692 18.0445
450 18.0663 18.0416
451 18.0731 18.0484
452 18.5246 18.5004
453 18.5272 18.503
454 18.5252 18.501
455 18.5164 18.4922
456 18.5063 18.4821
457 18.4952 18.4709
458 18.4912 18.467
459 18.0293 18.0046
460 18.0178 17.993
461 18.4707 18.4464
462 18.4643 18.44
463 18.4427 18.4184
464 18.0104 17.9856
465 17.8867 17.8618
466 17.9483 17.9234
467 17.9803 17.9555
468 17.8271 17.8022
469 17.948 17.9231
470 17.8003 17.7753
471 17.8205 17.7955
472 17.9193 17.8944
473 18.3024 18.278
474 18.3081 18.2836
475 18.3195 18.295
476 17.8829 17.858
477 18.3309 18.3065
478 18.3644 18.34
479 18.376 18.3517
480 18.3736 18.3492
481 18.3865 18.3621
482 18.3899 18.3655
483 18.3996 18.3753
484 17.9671 17.9423
485 17.973 17.9482
486 17.9829 17.9581
487 17.996 17.9712
488 18.451 18.4267
489 18.0128 17.988
490 18.0179 17.9931
491 18.4745 18.4502
492 18.4854 18.4611
493 18.4909 18.4667
494 18.0422 18.0175
495 18.0453 18.0206
496 18.0527 18.0279
497 18.0616 18.0369
498 18.0709 18.0462
499 18.0811 18.0564
500 18.0875 18.0628
501 18.0986 18.0739
502 18.5543 18.5302
503 18.1131 18.0884
504 18.5605 18.5364
505 18.5653 18.5412
506 18.1174 18.0927
507 18.1166 18.0919
508 18.5686 18.5445
509 18.5754 18.5512
510 18.1274 18.1028
511 18.1262 18.1016
512 18.1318 18.1071
513 18.5827 18.5586
514 18.1408 18.1162
515 18.1391 18.1144
516 18.5897 18.5655
517 18.5942 18.5701
518 18.1466 18.122
519 18.1448 18.1202
520 18.5949 18.5708
521 18.5993 18.5752
522 18.1519 18.1273
523 18.5968 18.5727
524 18.6003 18.5762
525 18.5992 18.5751
526 18.151 18.1264
527 18.149 18.1244
528 18.5986 18.5745
529 18.6029 18.5787
530 18.1558 18.1312
531 18.1537 18.1291
532 18.5959 18.5718
533 18.5989 18.5748
534 18.5982 18.574
535 18.1496 18.125
536 18.1471 18.1225
537 18.1495 18.1249
538 18.5976 18.5735
539 18.5997 18.5755
540 18.596 18.5719
541 18.1452 18.1205
542 18.1424 18.1178
543 18.144 18.1194
544 18.1465 18.1219
545 18.5944 18.5703
546 18.5965 18.5724
547 18.1467 18.1221
548 18.59 18.5659
549 18.1467 18.1221
550 18.5896 18.5655
551 18.146 18.1213
552 18.5886 18.5645
553 18.5895 18.5654
554 18.139 18.1144
555 18.1291 18.1044
556 18.1337 18.1091
557 18.579 18.5549
558 18.5774 18.5533
559 18.1085 18.0839
560 18.1108 18.0861
561 18.0834 18.0587
562 18.0932 18.0685
563 18.0647 18.04
564 18.0699 18.0452
565 18.5024 18.4782
566 18.4841 18.4598
567 18.0431 18.0183
568 18.4957 18.4715
569 18.493 18.4688
570 18.4851 18.4608
571 18.0716 18.0468
572 18.0608 18.0361
573 18.0968 18.0722
574 18.091 18.0663
575 18.1046 18.0799
576 18.5521 18.5279
577 18.1487 18.1241
578 18.1397 18.1151
579 18.1453 18.1207
580 18.5828 18.5586
581 18.1566 18.132
582 18.1555 18.1309
583 18.5999 18.5757
584 18.608 18.5839
585 18.6111 18.587
586 18.1693 18.1447
587 18.6101 18.586
588 18.6156 18.5915
589 18.1735 18.1489
590 18.1724 18.1478
591 18.619 18.5949
592 18.6223 18.5982
593 18.178 18.1534
594 18.6204 18.5963
595 18.1807 18.1561
596 18.1779 18.1533
597 18.1812 18.1566
598 18.6286 18.6045
599 18.6323 18.6082
600 18.1865 18.1619
601 18.1827 18.1582
602 18.1864 18.1618
603 18.19 18.1654
604 18.6364 18.6123
605 18.1966 18.172
606 18.6373 18.6132
607 18.1972 18.1727
608 18.6215 18.5974
609 18.6219 18.5978
610 18.1741 18.1495
611 18.1705 18.1459
612 18.1751 18.1505
613 18.6234 18.5993
614 18.6274 18.6034
615 18.62 18.5959
616 18.6162 18.5922
617 18.6139 18.5898
618 18.6111 18.587
619 18.1609 18.1363
620 18.1576 18.1329
621 18.1602 18.1356
622 18.1641 18.1395
623 18.6102 18.5861
624 18.6127 18.5886
625 18.6092 18.585
626 18.159 18.1344
627 18.6004 18.5763
628 18.1585 18.1339
629 18.5996 18.5755
630 18.6013 18.5772
631 18.5969 18.5728
632 18.148 18.1233
633 18.1444 18.1198
634 18.594 18.5699
635 18.1511 18.1264
636 18.1464 18.1218
637 18.151 18.1264
638 18.5984 18.5743
639 18.1601 18.1355
640 18.1533 18.1287
641 18.5994 18.5753
642 18.6002 18.5761
643 18.5963 18.5722
644 18.1514 18.1267
645 18.5873 18.5631
646 18.5897 18.5656
647 18.1413 18.1167
648 18.1328 18.1082
649 18.1427 18.118
650 18.5821 18.558
651 18.5844 18.5603
652 18.5845 18.5604
653 18.5712 18.547
654 18.5582 18.534
655 18.5561 18.5319
656 18.5519 18.5277
657 18.5499 18.5257
658 18.5431 18.5189
659 18.5369 18.5127
660 18.0952 18.0705
661 18.5377 18.5135
662 18.5508 18.5266
663 18.1123 18.0876
664 18.1019 18.0772
665 18.1065 18.0819
666 18.5573 18.5331
667 18.5677 18.5435
668 18.5638 18.5396
669 18.5611 18.5369
670 18.1161 18.0914
671 18.5577 18.5336
672 18.1271 18.1025
673 18.1204 18.0957
674 18.1313 18.1067
675 18.1341 18.1094
676 18.1382 18.1136
677 18.5845 18.5604
678 18.5892 18.5651
679 18.588 18.5638
680 18.5896 18.5654
681 18.1492 18.1246
682 18.1421 18.1174
683 18.1476 18.123
684 18.5947 18.5706
685 18.5975 18.5734
686 18.5945 18.5704
687 18.1479 18.1233
688 18.1453 18.1206
689 18.5931 18.569
690 18.1593 18.1346
691 18.1579 18.1333
692 18.1614 18.1368
693 18.6081 18.584
694 18.6107 18.5865
695 18.1706 18.146
696 18.6091 18.585
697 18.6081 18.584
698 18.6097 18.5856
699 18.1633 18.1387
700 18.6049 18.5808
701 18.1644 18.1398
702 18.6062 18.5821
703 18.6085 18.5844
704 18.1673 18.1426
705 18.1594 18.1348
706 18.6072 18.5831
707 18.6138 18.5897
708 18.6117 18.5876
709 18.163 18.1384
710 18.1611 18.1365
711 18.61 18.5859
712 18.6123 18.5881
713 18.1657 18.1411
714 18.1584 18.1338
715 18.1629 18.1383
716 18.1724 18.1478
717 18.1757 18.1511
718 18.6241 18.6
719 18.1825 18.1579
720 18.1766 18.152
721 18.6225 18.5984
722 18.6249 18.6008
723 18.1811 18.1565
