0.0 0.0
1.2855575 0.0
2.57221297488876 0.0109242698147639
3.85983576151763 0.0333533426113238
5.14826774952878 0.0678682251250512
6.43733780676339 0.114821655240255
7.72687633630458 0.17426697724354
9.01672777426057 0.245961947140981
10.306759803404 0.329405887545644
11.5968688817558 0.423889337517198
12.8869822832092 0.528545857240481
14.1770572036967 0.642401028732803
15.4670776446364 0.764416478157687
16.7570498042395 0.893528200887378
18.0469966397996 1.02867923325437
19.3369521516418 1.16884710594576
20.6269558115936 1.31306669623064
21.9170474356901 1.46044915159405
23.2072626956547 1.61019752283354
24.4976293865986 1.76161962630536
25.7881645312035 1.9141384273942
27.0788724255013 2.06729982836125
28.3697438675183 2.2207769973675
29.6607571698864 2.37436897346424
