0 0.373284
1 0.373284
2 0.373284
3 0.376342
4 0.385675
5 0.407396
6 0.436487
7 0.47294
8 0.527011
9 0.593232
10 0.665397
11 -1.10824
12 -0.997201
13 -0.907868
14 -0.797412
15 -0.654112
16 -0.538919
17 -0.387646
18 -0.287737
19 -0.190481
20 -0.10574
21 -0.0489038
22 -0.0236535
23 -2.1151
24 -1.99437
25 -1.88348
26 -1.71225
27 -1.52737
28 -1.31342
29 -1.07881
30 -0.835864
31 -0.627596
32 -2.43709
33 -2.07982
34 -1.82674
35 -1.55393
36 -1.296
37 -1.08255
38 -0.855239
39 -0.625282
40 -2.79078
41 -2.48066
42 -2.18976
43 -1.90306
44 -1.61677
45 -1.36782
46 -1.09096
47 -0.861652
48 -3.10491
49 -2.6943
50 -2.3979
51 -2.06908
52 -1.78716
53 -1.43412
54 -1.17096
55 -0.889919
56 -0.638066
57 -2.93939
58 -2.59277
59 -2.27729
60 -1.97492
61 -1.64168
62 -1.34933
63 -1.06574
64 -0.831659
65 -3.6124
66 -3.04703
67 -2.62763
68 -2.2732
69 -1.8821
70 -1.55487
71 -1.205
72 -4.10555
73 -3.66044
74 -3.18263
75 -2.77735
76 -2.38111
77 -1.94239
78 -1.47635
79 -1.09748
80 -0.763116
81 -0.482058
82 -3.64692
83 -3.08055
84 -2.68372
85 -2.3574
86 -1.99943
87 -4.38079
88 -3.88151
89 -3.32293
90 -2.77256
91 -2.30273
92 -1.79179
93 -5.50725
94 -4.69393
95 -3.94234
96 -3.15639
97 -2.58941
98 -1.99761
99 -1.47619
100 -1.0844
101 -0.714547
102 -5.40518
103 -4.61544
104 -3.90869
105 -3.25881
106 -6.19084
107 -5.12529
108 -4.23726
109 -3.50315
110 -2.72186
111 -2.01986
112 -5.68037
113 -4.56534
114 -3.5863
115 -7.54415
116 -6.04792
117 -4.75663
118 -3.63132
119 -2.66398
120 -1.7798
121 -5.44697
122 -4.43208
123 -3.2719
124 -6.257
125 -5.15535
126 -4.05542
127 -6.72326
128 -5.55009
129 -4.37455
130 -3.55377
131 -2.62
132 -1.83495
133 -4.98016
134 -4.20219
135 -3.43698
136 -2.77556
137 -2.07071
138 -4.61087
139 -3.88255
140 -3.22887
141 -5.08541
142 -4.19197
143 -3.53591
144 -2.84281
145 -2.26681
146 -1.8005
147 -1.37844
148 -3.80837
149 -3.26131
150 -2.72693
151 -2.29892
152 -1.76393
153 -3.4694
154 -3.08735
155 -2.67367
156 -2.27194
157 -1.88034
158 -1.50363
159 -1.15029
160 -0.868387
161 -2.87715
162 -2.53062
163 -2.2228
164 -1.93272
165 -1.6515
166 -1.37626
167 -1.10959
168 -0.88858
169 -0.657708
170 -0.479447
171 -0.307164
172 -0.185581
173 -0.0803992
174 -1.65725
175 -1.53046
176 -1.43535
177 -1.33886
178 -1.21808
179 -1.09938
180 -0.949205
181 -1.50994
182 -0.152648
183 0.0208606
184 0.195505
185 0.315026
186 -0.691252
187 -0.571155
188 -0.487965
189 -0.436247
190 -0.392847
191 -0.358998
192 -0.332869
193 -0.303083
194 -1.83452
195 -1.70054
196 -1.5551
197 -1.38896
198 -1.22698
199 -1.05337
200 -0.848356
201 -0.670614
202 -0.478646
203 -0.327331
204 -0.180129
205 -2.79167
206 -2.46171
207 -2.19056
208 -1.92187
209 -1.68507
210 -1.41324
211 -1.112
212 -0.853026
213 -0.613255
214 -0.39958
215 -0.239964
216 -3.79969
217 -3.19254
218 -2.74504
219 -2.36938
220 -1.85753
221 -1.47242
222 -4.97491
223 -4.10001
224 -3.18048
225 -2.52454
226 -1.85572
227 -1.28405
228 -5.68103
229 -4.3897
230 -3.25358
231 -6.97893
232 -4.80074
233 -2.89724
234 -7.26084
235 -4.93607
236 -7.39124
237 -5.25712
238 -3.37957
239 -7.60538
240 -5.49457
241 -4.06073
242 -6.1244
243 -4.95993
244 -3.79489
245 -3.11934
246 -4.0517
247 -3.47877
248 -2.91049
249 -2.46858
250 -2.54333
251 -2.13619
252 -1.81374
253 -1.47734
254 -1.1738
255 -0.69046
256 -0.504841
257 -0.354376
258 -0.251119
259 -0.155239
260 -0.100806
261 -0.0698599
262 -0.0576635
263 -0.0560095
264 -0.0615373
265 -0.0698388
266 -0.0781972
267 -0.0855891
268 2.54293
269 2.25288
270 1.92421
271 1.58686
272 1.28572
273 0.958326
274 0.721163
275 0.478892
276 0.298024
277 0.131158
278 4.35805
279 3.21161
280 2.16022
281 4.43799
282 2.65562
283 4.22929
284 2.1825
285 4.26125
286 2.50016
287 4.82544
288 3.04047
289 4.73275
290 3.66513
291 3.00378
292 2.51263
293 3.26595
294 2.81614
295 2.50365
296 2.32066
297 2.05268
298 1.75304
299 1.45743
300 0.551456
301 0.370173
302 0.186091
303 0.0362615
304 -0.073537
305 -0.142676
306 -0.174352
307 -1.80661
308 -1.62782
309 -1.39987
310 -1.20509
311 -1.0025
312 -0.772026
313 -3.17383
314 -2.74344
315 -2.33522
316 -1.84638
317 -1.43024
318 -1.04728
319 -0.710211
320 -0.429445
321 -0.232498
322 -0.0713935
323 -3.49414
324 -2.85503
325 -2.26521
326 -1.79518
327 -3.82402
328 -2.75797
329 -1.72857
330 -4.06493
331 -2.66426
332 -1.52998
333 -4.37044
334 -2.48445
335 -3.91304
336 -2.24902
337 -3.56719
338 -2.26417
339 -4.6782
340 -3.48864
341 -2.71724
342 -4.72712
343 -4.03263
344 -3.35625
345 -2.7659
346 -2.18156
347 -4.56362
348 -3.84601
349 -3.08693
350 -2.39971
351 -4.10496
352 -3.24604
353 -2.31997
354 -3.77272
355 -2.93227
356 -2.29656
357 -1.68183
358 -1.2394
359 -2.93699
360 -2.30481
361 -1.83697
362 -3.13723
363 -2.5251
364 -1.99705
365 -1.5454
366 -3.14305
367 -2.63841
368 -2.06588
369 -3.76723
370 -3.09924
371 -2.49412
372 -1.88784
373 -1.36449
374 -3.0521
375 -2.46287
376 -2.00978
377 -1.55851
378 -3.01735
379 -2.3868
380 -1.84078
381 -2.9358
382 -2.34493
383 -1.939
384 -1.5277
385 -3.07334
386 -2.49525
387 -2.03787
388 -1.57961
389 -2.63504
390 -2.20764
391 -1.78051
392 -1.44083
393 -2.62607
394 -2.2179
395 -1.29348
