0.000000 0.000000
2.619525 0.000000
5.240174 -0.029880
7.862131 -0.056874
10.485459 -0.045902
13.108977 0.028850
15.730335 0.181290
18.346906 0.414732
20.956682 0.724664
23.558747 1.101700
26.153297 1.534111
28.741363 2.009724
31.324440 2.517169
33.904139 3.046594
36.481947 3.589969
39.059089 4.141111
41.636484 4.695531
44.214756 5.250193
46.794279 5.803229
49.375234 6.353659
51.957662 6.901138
54.541516 7.445743
57.126696 7.987802
59.713078 8.527764
62.300533 9.066114
64.888936 9.603309
67.478177 10.139747
70.068161 10.675755
72.658808 11.211582
75.250056 11.747406
77.841851 12.283347
80.434151 12.819474
83.026924 13.355821
85.620139 13.892396
88.213773 14.429188
90.807800 14.966178
93.402200 15.503341
95.996950 16.040651
98.592029 16.578084
101.187413 17.115618
103.783080 17.653235
106.379004 18.190918
108.975162 18.728657
111.571528 19.266440
114.168078 19.804260
116.764784 20.342111
119.361622 20.879987
121.958566 21.417885
124.555592 21.955798
